# 26 terms, |coeff| = 26:
 + ₁Li₁₁₁([2,3,8,1], [4,5,8,3], [6,7,8,5])
 − ₁Li₁₁₁([2,3,8,1], [4,7,8,3], [4,5,6,7])
 + ₁Li₁₁₁([2,3,8,1], [6,7,8,3], [4,5,6,3])
 − ₁Li₁₁₁([2,5,8,1], [2,3,4,5], [6,7,8,5])
 − ₁Li₁₁₁([2,5,8,1], [6,7,8,5], [2,3,4,5])
 + ₁Li₁₁₁([2,7,8,1], [2,3,4,7], [4,5,6,7])
 − ₁Li₁₁₁([2,7,8,1], [2,3,6,7], [4,5,6,3])
 + ₁Li₁₁₁([2,7,8,1], [2,5,6,7], [2,3,4,5])
 + ₁Li₁₁₁([4,5,8,1], [2,3,4,1], [6,7,8,5])
 + ₁Li₁₁₁([4,5,8,1], [6,7,8,5], [2,3,4,1])
 − ₁Li₁₁₁([4,7,8,1], [2,3,4,1], [4,5,6,7])
 − ₁Li₁₁₁([4,7,8,1], [4,5,6,7], [2,3,4,1])
 + ₁Li₁₁₁([6,7,8,1], [2,3,6,1], [4,5,6,3])
 − ₁Li₁₁₁([6,7,8,1], [2,5,6,1], [2,3,4,5])
 + ₁Li₁₁₁([6,7,8,1], [4,5,6,1], [2,3,4,1])
 + ₁Li₁₂([2,3,8,1], [4,5,6,7,8,3])
 − ₁Li₁₂([2,5,8,1], [2,3,4,5][6,7,8,5])
 + ₁Li₁₂([4,5,8,1], [2,3,4,1][6,7,8,5])
 − ₁Li₁₂([4,7,8,1], [2,3,4,1][4,5,6,7])
 + ₁Li₁₂([6,7,8,1], [2,3,4,5,6,1])
 + ₁Li₂₁([2,3,4,5,8,1], [6,7,8,5])
 − ₁Li₂₁([2,3,4,7,8,1], [4,5,6,7])
 + ₁Li₂₁([2,3,6,7,8,1], [4,5,6,3])
 − ₁Li₂₁([2,5,6,7,8,1], [2,3,4,5])
 + ₁Li₂₁([4,5,6,7,8,1], [2,3,4,1])
 + ₁Li₃([2,3,4,5,6,7,8,1])
~~~
 + ₁LiQuad⁻(1,2,3,4,5,6,7,8)
