# 173 terms, |coeff| = 173:
 + ₁Li₁₁₁₁([1,2,3,10], [3,4,5,10], [5,6,7,10], [7,8,9,10])
 − ₁Li₁₁₁₁([1,2,3,10], [3,4,5,10], [5,6,9,10], [7,8,9,6])
 + ₁Li₁₁₁₁([1,2,3,10], [3,4,5,10], [5,8,9,10], [5,6,7,8])
 − ₁Li₁₁₁₁([1,2,3,10], [3,4,7,10], [5,6,7,4], [7,8,9,10])
 − ₁Li₁₁₁₁([1,2,3,10], [3,4,7,10], [7,8,9,10], [5,6,7,4])
 + ₁Li₁₁₁₁([1,2,3,10], [3,4,9,10], [5,6,9,4], [7,8,9,6])
 − ₁Li₁₁₁₁([1,2,3,10], [3,4,9,10], [5,8,9,4], [5,6,7,8])
 + ₁Li₁₁₁₁([1,2,3,10], [3,4,9,10], [7,8,9,4], [5,6,7,4])
 + ₁Li₁₁₁₁([1,2,3,10], [3,6,7,10], [3,4,5,6], [7,8,9,10])
 + ₁Li₁₁₁₁([1,2,3,10], [3,6,7,10], [7,8,9,10], [3,4,5,6])
 − ₁Li₁₁₁₁([1,2,3,10], [3,6,9,10], [3,4,5,6], [7,8,9,6])
 − ₁Li₁₁₁₁([1,2,3,10], [3,6,9,10], [7,8,9,6], [3,4,5,6])
 + ₁Li₁₁₁₁([1,2,3,10], [3,8,9,10], [3,4,5,8], [5,6,7,8])
 − ₁Li₁₁₁₁([1,2,3,10], [3,8,9,10], [3,4,7,8], [5,6,7,4])
 + ₁Li₁₁₁₁([1,2,3,10], [3,8,9,10], [3,6,7,8], [3,4,5,6])
 − ₁Li₁₁₁₁([1,2,5,10], [3,4,5,2], [5,6,7,10], [7,8,9,10])
 + ₁Li₁₁₁₁([1,2,5,10], [3,4,5,2], [5,6,9,10], [7,8,9,6])
 − ₁Li₁₁₁₁([1,2,5,10], [3,4,5,2], [5,8,9,10], [5,6,7,8])
 − ₁Li₁₁₁₁([1,2,5,10], [5,6,7,10], [3,4,5,2], [7,8,9,10])
 − ₁Li₁₁₁₁([1,2,5,10], [5,6,7,10], [7,8,9,10], [3,4,5,2])
 + ₁Li₁₁₁₁([1,2,5,10], [5,6,9,10], [3,4,5,2], [7,8,9,6])
 + ₁Li₁₁₁₁([1,2,5,10], [5,6,9,10], [7,8,9,6], [3,4,5,2])
 − ₁Li₁₁₁₁([1,2,5,10], [5,8,9,10], [3,4,5,2], [5,6,7,8])
 − ₁Li₁₁₁₁([1,2,5,10], [5,8,9,10], [5,6,7,8], [3,4,5,2])
 + ₁Li₁₁₁₁([1,2,7,10], [3,4,7,2], [5,6,7,4], [7,8,9,10])
 + ₁Li₁₁₁₁([1,2,7,10], [3,4,7,2], [7,8,9,10], [5,6,7,4])
 − ₁Li₁₁₁₁([1,2,7,10], [3,6,7,2], [3,4,5,6], [7,8,9,10])
 − ₁Li₁₁₁₁([1,2,7,10], [3,6,7,2], [7,8,9,10], [3,4,5,6])
 + ₁Li₁₁₁₁([1,2,7,10], [5,6,7,2], [3,4,5,2], [7,8,9,10])
 + ₁Li₁₁₁₁([1,2,7,10], [5,6,7,2], [7,8,9,10], [3,4,5,2])
 + ₁Li₁₁₁₁([1,2,7,10], [7,8,9,10], [3,4,7,2], [5,6,7,4])
 − ₁Li₁₁₁₁([1,2,7,10], [7,8,9,10], [3,6,7,2], [3,4,5,6])
 + ₁Li₁₁₁₁([1,2,7,10], [7,8,9,10], [5,6,7,2], [3,4,5,2])
 − ₁Li₁₁₁₁([1,2,9,10], [3,4,9,2], [5,6,9,4], [7,8,9,6])
 + ₁Li₁₁₁₁([1,2,9,10], [3,4,9,2], [5,8,9,4], [5,6,7,8])
 − ₁Li₁₁₁₁([1,2,9,10], [3,4,9,2], [7,8,9,4], [5,6,7,4])
 + ₁Li₁₁₁₁([1,2,9,10], [3,6,9,2], [3,4,5,6], [7,8,9,6])
 + ₁Li₁₁₁₁([1,2,9,10], [3,6,9,2], [7,8,9,6], [3,4,5,6])
 − ₁Li₁₁₁₁([1,2,9,10], [3,8,9,2], [3,4,5,8], [5,6,7,8])
 + ₁Li₁₁₁₁([1,2,9,10], [3,8,9,2], [3,4,7,8], [5,6,7,4])
 − ₁Li₁₁₁₁([1,2,9,10], [3,8,9,2], [3,6,7,8], [3,4,5,6])
 − ₁Li₁₁₁₁([1,2,9,10], [5,6,9,2], [3,4,5,2], [7,8,9,6])
 − ₁Li₁₁₁₁([1,2,9,10], [5,6,9,2], [7,8,9,6], [3,4,5,2])
 + ₁Li₁₁₁₁([1,2,9,10], [5,8,9,2], [3,4,5,2], [5,6,7,8])
 + ₁Li₁₁₁₁([1,2,9,10], [5,8,9,2], [5,6,7,8], [3,4,5,2])
 − ₁Li₁₁₁₁([1,2,9,10], [7,8,9,2], [3,4,7,2], [5,6,7,4])
 + ₁Li₁₁₁₁([1,2,9,10], [7,8,9,2], [3,6,7,2], [3,4,5,6])
 − ₁Li₁₁₁₁([1,2,9,10], [7,8,9,2], [5,6,7,2], [3,4,5,2])
 + ₁Li₁₁₁₁([1,4,5,10], [1,2,3,4], [5,6,7,10], [7,8,9,10])
 − ₁Li₁₁₁₁([1,4,5,10], [1,2,3,4], [5,6,9,10], [7,8,9,6])
 + ₁Li₁₁₁₁([1,4,5,10], [1,2,3,4], [5,8,9,10], [5,6,7,8])
 + ₁Li₁₁₁₁([1,4,5,10], [5,6,7,10], [1,2,3,4], [7,8,9,10])
 + ₁Li₁₁₁₁([1,4,5,10], [5,6,7,10], [7,8,9,10], [1,2,3,4])
 − ₁Li₁₁₁₁([1,4,5,10], [5,6,9,10], [1,2,3,4], [7,8,9,6])
 − ₁Li₁₁₁₁([1,4,5,10], [5,6,9,10], [7,8,9,6], [1,2,3,4])
 + ₁Li₁₁₁₁([1,4,5,10], [5,8,9,10], [1,2,3,4], [5,6,7,8])
 + ₁Li₁₁₁₁([1,4,5,10], [5,8,9,10], [5,6,7,8], [1,2,3,4])
 − ₁Li₁₁₁₁([1,4,7,10], [1,2,3,4], [5,6,7,4], [7,8,9,10])
 − ₁Li₁₁₁₁([1,4,7,10], [1,2,3,4], [7,8,9,10], [5,6,7,4])
 − ₁Li₁₁₁₁([1,4,7,10], [5,6,7,4], [1,2,3,4], [7,8,9,10])
 − ₁Li₁₁₁₁([1,4,7,10], [5,6,7,4], [7,8,9,10], [1,2,3,4])
 − ₁Li₁₁₁₁([1,4,7,10], [7,8,9,10], [1,2,3,4], [5,6,7,4])
 − ₁Li₁₁₁₁([1,4,7,10], [7,8,9,10], [5,6,7,4], [1,2,3,4])
 + ₁Li₁₁₁₁([1,4,9,10], [1,2,3,4], [5,6,9,4], [7,8,9,6])
 − ₁Li₁₁₁₁([1,4,9,10], [1,2,3,4], [5,8,9,4], [5,6,7,8])
 + ₁Li₁₁₁₁([1,4,9,10], [1,2,3,4], [7,8,9,4], [5,6,7,4])
 + ₁Li₁₁₁₁([1,4,9,10], [5,6,9,4], [1,2,3,4], [7,8,9,6])
 + ₁Li₁₁₁₁([1,4,9,10], [5,6,9,4], [7,8,9,6], [1,2,3,4])
 − ₁Li₁₁₁₁([1,4,9,10], [5,8,9,4], [1,2,3,4], [5,6,7,8])
 − ₁Li₁₁₁₁([1,4,9,10], [5,8,9,4], [5,6,7,8], [1,2,3,4])
 + ₁Li₁₁₁₁([1,4,9,10], [7,8,9,4], [1,2,3,4], [5,6,7,4])
 + ₁Li₁₁₁₁([1,4,9,10], [7,8,9,4], [5,6,7,4], [1,2,3,4])
 + ₁Li₁₁₁₁([1,6,7,10], [1,2,3,6], [3,4,5,6], [7,8,9,10])
 + ₁Li₁₁₁₁([1,6,7,10], [1,2,3,6], [7,8,9,10], [3,4,5,6])
 − ₁Li₁₁₁₁([1,6,7,10], [1,2,5,6], [3,4,5,2], [7,8,9,10])
 − ₁Li₁₁₁₁([1,6,7,10], [1,2,5,6], [7,8,9,10], [3,4,5,2])
 + ₁Li₁₁₁₁([1,6,7,10], [1,4,5,6], [1,2,3,4], [7,8,9,10])
 + ₁Li₁₁₁₁([1,6,7,10], [1,4,5,6], [7,8,9,10], [1,2,3,4])
 + ₁Li₁₁₁₁([1,6,7,10], [7,8,9,10], [1,2,3,6], [3,4,5,6])
 − ₁Li₁₁₁₁([1,6,7,10], [7,8,9,10], [1,2,5,6], [3,4,5,2])
 + ₁Li₁₁₁₁([1,6,7,10], [7,8,9,10], [1,4,5,6], [1,2,3,4])
 − ₁Li₁₁₁₁([1,6,9,10], [1,2,3,6], [3,4,5,6], [7,8,9,6])
 − ₁Li₁₁₁₁([1,6,9,10], [1,2,3,6], [7,8,9,6], [3,4,5,6])
 + ₁Li₁₁₁₁([1,6,9,10], [1,2,5,6], [3,4,5,2], [7,8,9,6])
 + ₁Li₁₁₁₁([1,6,9,10], [1,2,5,6], [7,8,9,6], [3,4,5,2])
 − ₁Li₁₁₁₁([1,6,9,10], [1,4,5,6], [1,2,3,4], [7,8,9,6])
 − ₁Li₁₁₁₁([1,6,9,10], [1,4,5,6], [7,8,9,6], [1,2,3,4])
 − ₁Li₁₁₁₁([1,6,9,10], [7,8,9,6], [1,2,3,6], [3,4,5,6])
 + ₁Li₁₁₁₁([1,6,9,10], [7,8,9,6], [1,2,5,6], [3,4,5,2])
 − ₁Li₁₁₁₁([1,6,9,10], [7,8,9,6], [1,4,5,6], [1,2,3,4])
 + ₁Li₁₁₁₁([1,8,9,10], [1,2,3,8], [3,4,5,8], [5,6,7,8])
 − ₁Li₁₁₁₁([1,8,9,10], [1,2,3,8], [3,4,7,8], [5,6,7,4])
 + ₁Li₁₁₁₁([1,8,9,10], [1,2,3,8], [3,6,7,8], [3,4,5,6])
 − ₁Li₁₁₁₁([1,8,9,10], [1,2,5,8], [3,4,5,2], [5,6,7,8])
 − ₁Li₁₁₁₁([1,8,9,10], [1,2,5,8], [5,6,7,8], [3,4,5,2])
 + ₁Li₁₁₁₁([1,8,9,10], [1,2,7,8], [3,4,7,2], [5,6,7,4])
 − ₁Li₁₁₁₁([1,8,9,10], [1,2,7,8], [3,6,7,2], [3,4,5,6])
 + ₁Li₁₁₁₁([1,8,9,10], [1,2,7,8], [5,6,7,2], [3,4,5,2])
 + ₁Li₁₁₁₁([1,8,9,10], [1,4,5,8], [1,2,3,4], [5,6,7,8])
 + ₁Li₁₁₁₁([1,8,9,10], [1,4,5,8], [5,6,7,8], [1,2,3,4])
 − ₁Li₁₁₁₁([1,8,9,10], [1,4,7,8], [1,2,3,4], [5,6,7,4])
 − ₁Li₁₁₁₁([1,8,9,10], [1,4,7,8], [5,6,7,4], [1,2,3,4])
 + ₁Li₁₁₁₁([1,8,9,10], [1,6,7,8], [1,2,3,6], [3,4,5,6])
 − ₁Li₁₁₁₁([1,8,9,10], [1,6,7,8], [1,2,5,6], [3,4,5,2])
 + ₁Li₁₁₁₁([1,8,9,10], [1,6,7,8], [1,4,5,6], [1,2,3,4])
 − ₁Li₁₁₂([1,2,3,10], [3,4,7,10], [5,6,7,4][7,8,9,10])
 + ₁Li₁₁₂([1,2,3,10], [3,4,9,10], [5,6,7,8,9,4])
 + ₁Li₁₁₂([1,2,3,10], [3,6,7,10], [3,4,5,6][7,8,9,10])
 − ₁Li₁₁₂([1,2,3,10], [3,6,9,10], [3,4,5,6][7,8,9,6])
 − ₁Li₁₁₂([1,2,5,10], [5,6,7,10], [3,4,5,2][7,8,9,10])
 + ₁Li₁₁₂([1,2,5,10], [5,6,9,10], [3,4,5,2][7,8,9,6])
 − ₁Li₁₁₂([1,2,5,10], [5,8,9,10], [3,4,5,2][5,6,7,8])
 + ₁Li₁₁₂([1,2,7,10], [3,4,7,2], [5,6,7,4][7,8,9,10])
 − ₁Li₁₁₂([1,2,7,10], [3,6,7,2], [3,4,5,6][7,8,9,10])
 + ₁Li₁₁₂([1,2,7,10], [5,6,7,2], [3,4,5,2][7,8,9,10])
 + ₁Li₁₁₂([1,2,7,10], [7,8,9,10], [3,4,5,6,7,2])
 − ₁Li₁₁₂([1,2,9,10], [3,4,9,2], [5,6,7,8,9,4])
 + ₁Li₁₁₂([1,2,9,10], [3,6,9,2], [3,4,5,6][7,8,9,6])
 − ₁Li₁₁₂([1,2,9,10], [5,6,9,2], [3,4,5,2][7,8,9,6])
 + ₁Li₁₁₂([1,2,9,10], [5,8,9,2], [3,4,5,2][5,6,7,8])
 − ₁Li₁₁₂([1,2,9,10], [7,8,9,2], [3,4,5,6,7,2])
 + ₁Li₁₁₂([1,4,5,10], [5,6,7,10], [1,2,3,4][7,8,9,10])
 − ₁Li₁₁₂([1,4,5,10], [5,6,9,10], [1,2,3,4][7,8,9,6])
 + ₁Li₁₁₂([1,4,5,10], [5,8,9,10], [1,2,3,4][5,6,7,8])
 − ₁Li₁₁₂([1,4,7,10], [1,2,3,4], [5,6,7,4][7,8,9,10])
 − ₁Li₁₁₂([1,4,7,10], [5,6,7,4], [1,2,3,4][7,8,9,10])
 − ₁Li₁₁₂([1,4,7,10], [7,8,9,10], [1,2,3,4][5,6,7,4])
 + ₁Li₁₁₂([1,4,9,10], [1,2,3,4], [5,6,7,8,9,4])
 + ₁Li₁₁₂([1,4,9,10], [5,6,9,4], [1,2,3,4][7,8,9,6])
 − ₁Li₁₁₂([1,4,9,10], [5,8,9,4], [1,2,3,4][5,6,7,8])
 + ₁Li₁₁₂([1,4,9,10], [7,8,9,4], [1,2,3,4][5,6,7,4])
 + ₁Li₁₁₂([1,6,7,10], [1,2,3,6], [3,4,5,6][7,8,9,10])
 − ₁Li₁₁₂([1,6,7,10], [1,2,5,6], [3,4,5,2][7,8,9,10])
 + ₁Li₁₁₂([1,6,7,10], [1,4,5,6], [1,2,3,4][7,8,9,10])
 − ₁Li₁₁₂([1,6,9,10], [1,2,3,6], [3,4,5,6][7,8,9,6])
 + ₁Li₁₁₂([1,6,9,10], [1,2,5,6], [3,4,5,2][7,8,9,6])
 − ₁Li₁₁₂([1,6,9,10], [1,4,5,6], [1,2,3,4][7,8,9,6])
 − ₁Li₁₁₂([1,8,9,10], [1,2,5,8], [3,4,5,2][5,6,7,8])
 + ₁Li₁₁₂([1,8,9,10], [1,2,7,8], [3,4,5,6,7,2])
 + ₁Li₁₁₂([1,8,9,10], [1,4,5,8], [1,2,3,4][5,6,7,8])
 − ₁Li₁₁₂([1,8,9,10], [1,4,7,8], [1,2,3,4][5,6,7,4])
 − ₁Li₁₂₁([1,2,5,10], [3,4,5,2][5,6,7,10], [7,8,9,10])
 + ₁Li₁₂₁([1,2,5,10], [3,4,5,2][5,6,9,10], [7,8,9,6])
 − ₁Li₁₂₁([1,2,5,10], [3,4,5,2][5,8,9,10], [5,6,7,8])
 + ₁Li₁₂₁([1,2,7,10], [3,4,5,6,7,2], [7,8,9,10])
 + ₁Li₁₂₁([1,2,7,10], [3,4,7,2][7,8,9,10], [5,6,7,4])
 − ₁Li₁₂₁([1,2,7,10], [3,6,7,2][7,8,9,10], [3,4,5,6])
 + ₁Li₁₂₁([1,2,7,10], [5,6,7,2][7,8,9,10], [3,4,5,2])
 − ₁Li₁₂₁([1,2,9,10], [3,4,5,6,9,2], [7,8,9,6])
 + ₁Li₁₂₁([1,2,9,10], [3,4,5,8,9,2], [5,6,7,8])
 − ₁Li₁₂₁([1,2,9,10], [3,4,7,8,9,2], [5,6,7,4])
 + ₁Li₁₂₁([1,2,9,10], [3,6,7,8,9,2], [3,4,5,6])
 − ₁Li₁₂₁([1,2,9,10], [5,6,7,8,9,2], [3,4,5,2])
 + ₁Li₁₂₁([1,4,5,10], [1,2,3,4][5,6,7,10], [7,8,9,10])
 − ₁Li₁₂₁([1,4,5,10], [1,2,3,4][5,6,9,10], [7,8,9,6])
 + ₁Li₁₂₁([1,4,5,10], [1,2,3,4][5,8,9,10], [5,6,7,8])
 − ₁Li₁₂₁([1,4,7,10], [1,2,3,4][5,6,7,4], [7,8,9,10])
 − ₁Li₁₂₁([1,4,7,10], [1,2,3,4][7,8,9,10], [5,6,7,4])
 − ₁Li₁₂₁([1,4,7,10], [5,6,7,4][7,8,9,10], [1,2,3,4])
 + ₁Li₁₂₁([1,4,9,10], [1,2,3,4][5,6,9,4], [7,8,9,6])
 − ₁Li₁₂₁([1,4,9,10], [1,2,3,4][5,8,9,4], [5,6,7,8])
 + ₁Li₁₂₁([1,4,9,10], [1,2,3,4][7,8,9,4], [5,6,7,4])
 + ₁Li₁₂₁([1,4,9,10], [5,6,7,8,9,4], [1,2,3,4])
 + ₁Li₁₂₁([1,6,7,10], [1,2,3,6][7,8,9,10], [3,4,5,6])
 − ₁Li₁₂₁([1,6,7,10], [1,2,5,6][7,8,9,10], [3,4,5,2])
 + ₁Li₁₂₁([1,6,7,10], [1,4,5,6][7,8,9,10], [1,2,3,4])
 − ₁Li₁₂₁([1,6,9,10], [1,2,3,6][7,8,9,6], [3,4,5,6])
 + ₁Li₁₂₁([1,6,9,10], [1,2,5,6][7,8,9,6], [3,4,5,2])
 − ₁Li₁₂₁([1,6,9,10], [1,4,5,6][7,8,9,6], [1,2,3,4])
 + ₁Li₁₃([1,2,7,10], [3,4,5,6,7,2][7,8,9,10])
 − ₁Li₁₃([1,2,9,10], [3,4,5,6,7,8,9,2])
 − ₁Li₁₃([1,4,7,10], [1,2,3,4][5,6,7,4][7,8,9,10])
 + ₁Li₁₃([1,4,9,10], [1,2,3,4][5,6,7,8,9,4])
~~~
 + ₁LiQuad⁺(1,2,3,4,5,6,7,8,9,10)
