# 19 terms, |coeff| = 19:
 − ₁Li₁₁₁([1,2,3,8], [3,4,5,8], [5,6,7,8])
 + ₁Li₁₁₁([1,2,3,8], [3,4,7,8], [5,6,7,4])
 − ₁Li₁₁₁([1,2,3,8], [3,6,7,8], [3,4,5,6])
 + ₁Li₁₁₁([1,2,5,8], [3,4,5,2], [5,6,7,8])
 + ₁Li₁₁₁([1,2,5,8], [5,6,7,8], [3,4,5,2])
 − ₁Li₁₁₁([1,2,7,8], [3,4,7,2], [5,6,7,4])
 + ₁Li₁₁₁([1,2,7,8], [3,6,7,2], [3,4,5,6])
 − ₁Li₁₁₁([1,2,7,8], [5,6,7,2], [3,4,5,2])
 − ₁Li₁₁₁([1,4,5,8], [1,2,3,4], [5,6,7,8])
 − ₁Li₁₁₁([1,4,5,8], [5,6,7,8], [1,2,3,4])
 + ₁Li₁₁₁([1,4,7,8], [1,2,3,4], [5,6,7,4])
 + ₁Li₁₁₁([1,4,7,8], [5,6,7,4], [1,2,3,4])
 − ₁Li₁₁₁([1,6,7,8], [1,2,3,6], [3,4,5,6])
 + ₁Li₁₁₁([1,6,7,8], [1,2,5,6], [3,4,5,2])
 − ₁Li₁₁₁([1,6,7,8], [1,4,5,6], [1,2,3,4])
 + ₁Li₁₂([1,2,5,8], [3,4,5,2][5,6,7,8])
 − ₁Li₁₂([1,2,7,8], [3,4,5,6,7,2])
 − ₁Li₁₂([1,4,5,8], [1,2,3,4][5,6,7,8])
 + ₁Li₁₂([1,4,7,8], [1,2,3,4][5,6,7,4])
~~~
 + ₁LiQuad⁺(1,2,3,4,5,6,7,8)
