# 242 terms, |coeff| = 242:
 + ₁Li₁₁₁₁([2,3,10,1], [4,5,10,3], [6,7,10,5], [8,9,10,7])
 − ₁Li₁₁₁₁([2,3,10,1], [4,5,10,3], [6,9,10,5], [6,7,8,9])
 + ₁Li₁₁₁₁([2,3,10,1], [4,5,10,3], [8,9,10,5], [6,7,8,5])
 − ₁Li₁₁₁₁([2,3,10,1], [4,7,10,3], [4,5,6,7], [8,9,10,7])
 − ₁Li₁₁₁₁([2,3,10,1], [4,7,10,3], [8,9,10,7], [4,5,6,7])
 + ₁Li₁₁₁₁([2,3,10,1], [4,9,10,3], [4,5,6,9], [6,7,8,9])
 − ₁Li₁₁₁₁([2,3,10,1], [4,9,10,3], [4,5,8,9], [6,7,8,5])
 + ₁Li₁₁₁₁([2,3,10,1], [4,9,10,3], [4,7,8,9], [4,5,6,7])
 + ₁Li₁₁₁₁([2,3,10,1], [6,7,10,3], [4,5,6,3], [8,9,10,7])
 + ₁Li₁₁₁₁([2,3,10,1], [6,7,10,3], [8,9,10,7], [4,5,6,3])
 − ₁Li₁₁₁₁([2,3,10,1], [6,9,10,3], [4,5,6,3], [6,7,8,9])
 − ₁Li₁₁₁₁([2,3,10,1], [6,9,10,3], [6,7,8,9], [4,5,6,3])
 + ₁Li₁₁₁₁([2,3,10,1], [8,9,10,3], [4,5,8,3], [6,7,8,5])
 − ₁Li₁₁₁₁([2,3,10,1], [8,9,10,3], [4,7,8,3], [4,5,6,7])
 + ₁Li₁₁₁₁([2,3,10,1], [8,9,10,3], [6,7,8,3], [4,5,6,3])
 − ₁Li₁₁₁₁([2,5,10,1], [2,3,4,5], [6,7,10,5], [8,9,10,7])
 + ₁Li₁₁₁₁([2,5,10,1], [2,3,4,5], [6,9,10,5], [6,7,8,9])
 − ₁Li₁₁₁₁([2,5,10,1], [2,3,4,5], [8,9,10,5], [6,7,8,5])
 − ₁Li₁₁₁₁([2,5,10,1], [6,7,10,5], [2,3,4,5], [8,9,10,7])
 − ₁Li₁₁₁₁([2,5,10,1], [6,7,10,5], [8,9,10,7], [2,3,4,5])
 + ₁Li₁₁₁₁([2,5,10,1], [6,9,10,5], [2,3,4,5], [6,7,8,9])
 + ₁Li₁₁₁₁([2,5,10,1], [6,9,10,5], [6,7,8,9], [2,3,4,5])
 − ₁Li₁₁₁₁([2,5,10,1], [8,9,10,5], [2,3,4,5], [6,7,8,5])
 − ₁Li₁₁₁₁([2,5,10,1], [8,9,10,5], [6,7,8,5], [2,3,4,5])
 + ₁Li₁₁₁₁([2,7,10,1], [2,3,4,7], [4,5,6,7], [8,9,10,7])
 + ₁Li₁₁₁₁([2,7,10,1], [2,3,4,7], [8,9,10,7], [4,5,6,7])
 − ₁Li₁₁₁₁([2,7,10,1], [2,3,6,7], [4,5,6,3], [8,9,10,7])
 − ₁Li₁₁₁₁([2,7,10,1], [2,3,6,7], [8,9,10,7], [4,5,6,3])
 + ₁Li₁₁₁₁([2,7,10,1], [2,5,6,7], [2,3,4,5], [8,9,10,7])
 + ₁Li₁₁₁₁([2,7,10,1], [2,5,6,7], [8,9,10,7], [2,3,4,5])
 + ₁Li₁₁₁₁([2,7,10,1], [8,9,10,7], [2,3,4,7], [4,5,6,7])
 − ₁Li₁₁₁₁([2,7,10,1], [8,9,10,7], [2,3,6,7], [4,5,6,3])
 + ₁Li₁₁₁₁([2,7,10,1], [8,9,10,7], [2,5,6,7], [2,3,4,5])
 − ₁Li₁₁₁₁([2,9,10,1], [2,3,4,9], [4,5,6,9], [6,7,8,9])
 + ₁Li₁₁₁₁([2,9,10,1], [2,3,4,9], [4,5,8,9], [6,7,8,5])
 − ₁Li₁₁₁₁([2,9,10,1], [2,3,4,9], [4,7,8,9], [4,5,6,7])
 + ₁Li₁₁₁₁([2,9,10,1], [2,3,6,9], [4,5,6,3], [6,7,8,9])
 + ₁Li₁₁₁₁([2,9,10,1], [2,3,6,9], [6,7,8,9], [4,5,6,3])
 − ₁Li₁₁₁₁([2,9,10,1], [2,3,8,9], [4,5,8,3], [6,7,8,5])
 + ₁Li₁₁₁₁([2,9,10,1], [2,3,8,9], [4,7,8,3], [4,5,6,7])
 − ₁Li₁₁₁₁([2,9,10,1], [2,3,8,9], [6,7,8,3], [4,5,6,3])
 − ₁Li₁₁₁₁([2,9,10,1], [2,5,6,9], [2,3,4,5], [6,7,8,9])
 − ₁Li₁₁₁₁([2,9,10,1], [2,5,6,9], [6,7,8,9], [2,3,4,5])
 + ₁Li₁₁₁₁([2,9,10,1], [2,5,8,9], [2,3,4,5], [6,7,8,5])
 + ₁Li₁₁₁₁([2,9,10,1], [2,5,8,9], [6,7,8,5], [2,3,4,5])
 − ₁Li₁₁₁₁([2,9,10,1], [2,7,8,9], [2,3,4,7], [4,5,6,7])
 + ₁Li₁₁₁₁([2,9,10,1], [2,7,8,9], [2,3,6,7], [4,5,6,3])
 − ₁Li₁₁₁₁([2,9,10,1], [2,7,8,9], [2,5,6,7], [2,3,4,5])
 + ₁Li₁₁₁₁([4,5,10,1], [2,3,4,1], [6,7,10,5], [8,9,10,7])
 − ₁Li₁₁₁₁([4,5,10,1], [2,3,4,1], [6,9,10,5], [6,7,8,9])
 + ₁Li₁₁₁₁([4,5,10,1], [2,3,4,1], [8,9,10,5], [6,7,8,5])
 + ₁Li₁₁₁₁([4,5,10,1], [6,7,10,5], [2,3,4,1], [8,9,10,7])
 + ₁Li₁₁₁₁([4,5,10,1], [6,7,10,5], [8,9,10,7], [2,3,4,1])
 − ₁Li₁₁₁₁([4,5,10,1], [6,9,10,5], [2,3,4,1], [6,7,8,9])
 − ₁Li₁₁₁₁([4,5,10,1], [6,9,10,5], [6,7,8,9], [2,3,4,1])
 + ₁Li₁₁₁₁([4,5,10,1], [8,9,10,5], [2,3,4,1], [6,7,8,5])
 + ₁Li₁₁₁₁([4,5,10,1], [8,9,10,5], [6,7,8,5], [2,3,4,1])
 − ₁Li₁₁₁₁([4,7,10,1], [2,3,4,1], [4,5,6,7], [8,9,10,7])
 − ₁Li₁₁₁₁([4,7,10,1], [2,3,4,1], [8,9,10,7], [4,5,6,7])
 − ₁Li₁₁₁₁([4,7,10,1], [4,5,6,7], [2,3,4,1], [8,9,10,7])
 − ₁Li₁₁₁₁([4,7,10,1], [4,5,6,7], [8,9,10,7], [2,3,4,1])
 − ₁Li₁₁₁₁([4,7,10,1], [8,9,10,7], [2,3,4,1], [4,5,6,7])
 − ₁Li₁₁₁₁([4,7,10,1], [8,9,10,7], [4,5,6,7], [2,3,4,1])
 + ₁Li₁₁₁₁([4,9,10,1], [2,3,4,1], [4,5,6,9], [6,7,8,9])
 − ₁Li₁₁₁₁([4,9,10,1], [2,3,4,1], [4,5,8,9], [6,7,8,5])
 + ₁Li₁₁₁₁([4,9,10,1], [2,3,4,1], [4,7,8,9], [4,5,6,7])
 + ₁Li₁₁₁₁([4,9,10,1], [4,5,6,9], [2,3,4,1], [6,7,8,9])
 + ₁Li₁₁₁₁([4,9,10,1], [4,5,6,9], [6,7,8,9], [2,3,4,1])
 − ₁Li₁₁₁₁([4,9,10,1], [4,5,8,9], [2,3,4,1], [6,7,8,5])
 − ₁Li₁₁₁₁([4,9,10,1], [4,5,8,9], [6,7,8,5], [2,3,4,1])
 + ₁Li₁₁₁₁([4,9,10,1], [4,7,8,9], [2,3,4,1], [4,5,6,7])
 + ₁Li₁₁₁₁([4,9,10,1], [4,7,8,9], [4,5,6,7], [2,3,4,1])
 + ₁Li₁₁₁₁([6,7,10,1], [2,3,6,1], [4,5,6,3], [8,9,10,7])
 + ₁Li₁₁₁₁([6,7,10,1], [2,3,6,1], [8,9,10,7], [4,5,6,3])
 − ₁Li₁₁₁₁([6,7,10,1], [2,5,6,1], [2,3,4,5], [8,9,10,7])
 − ₁Li₁₁₁₁([6,7,10,1], [2,5,6,1], [8,9,10,7], [2,3,4,5])
 + ₁Li₁₁₁₁([6,7,10,1], [4,5,6,1], [2,3,4,1], [8,9,10,7])
 + ₁Li₁₁₁₁([6,7,10,1], [4,5,6,1], [8,9,10,7], [2,3,4,1])
 + ₁Li₁₁₁₁([6,7,10,1], [8,9,10,7], [2,3,6,1], [4,5,6,3])
 − ₁Li₁₁₁₁([6,7,10,1], [8,9,10,7], [2,5,6,1], [2,3,4,5])
 + ₁Li₁₁₁₁([6,7,10,1], [8,9,10,7], [4,5,6,1], [2,3,4,1])
 − ₁Li₁₁₁₁([6,9,10,1], [2,3,6,1], [4,5,6,3], [6,7,8,9])
 − ₁Li₁₁₁₁([6,9,10,1], [2,3,6,1], [6,7,8,9], [4,5,6,3])
 + ₁Li₁₁₁₁([6,9,10,1], [2,5,6,1], [2,3,4,5], [6,7,8,9])
 + ₁Li₁₁₁₁([6,9,10,1], [2,5,6,1], [6,7,8,9], [2,3,4,5])
 − ₁Li₁₁₁₁([6,9,10,1], [4,5,6,1], [2,3,4,1], [6,7,8,9])
 − ₁Li₁₁₁₁([6,9,10,1], [4,5,6,1], [6,7,8,9], [2,3,4,1])
 − ₁Li₁₁₁₁([6,9,10,1], [6,7,8,9], [2,3,6,1], [4,5,6,3])
 + ₁Li₁₁₁₁([6,9,10,1], [6,7,8,9], [2,5,6,1], [2,3,4,5])
 − ₁Li₁₁₁₁([6,9,10,1], [6,7,8,9], [4,5,6,1], [2,3,4,1])
 + ₁Li₁₁₁₁([8,9,10,1], [2,3,8,1], [4,5,8,3], [6,7,8,5])
 − ₁Li₁₁₁₁([8,9,10,1], [2,3,8,1], [4,7,8,3], [4,5,6,7])
 + ₁Li₁₁₁₁([8,9,10,1], [2,3,8,1], [6,7,8,3], [4,5,6,3])
 − ₁Li₁₁₁₁([8,9,10,1], [2,5,8,1], [2,3,4,5], [6,7,8,5])
 − ₁Li₁₁₁₁([8,9,10,1], [2,5,8,1], [6,7,8,5], [2,3,4,5])
 + ₁Li₁₁₁₁([8,9,10,1], [2,7,8,1], [2,3,4,7], [4,5,6,7])
 − ₁Li₁₁₁₁([8,9,10,1], [2,7,8,1], [2,3,6,7], [4,5,6,3])
 + ₁Li₁₁₁₁([8,9,10,1], [2,7,8,1], [2,5,6,7], [2,3,4,5])
 + ₁Li₁₁₁₁([8,9,10,1], [4,5,8,1], [2,3,4,1], [6,7,8,5])
 + ₁Li₁₁₁₁([8,9,10,1], [4,5,8,1], [6,7,8,5], [2,3,4,1])
 − ₁Li₁₁₁₁([8,9,10,1], [4,7,8,1], [2,3,4,1], [4,5,6,7])
 − ₁Li₁₁₁₁([8,9,10,1], [4,7,8,1], [4,5,6,7], [2,3,4,1])
 + ₁Li₁₁₁₁([8,9,10,1], [6,7,8,1], [2,3,6,1], [4,5,6,3])
 − ₁Li₁₁₁₁([8,9,10,1], [6,7,8,1], [2,5,6,1], [2,3,4,5])
 + ₁Li₁₁₁₁([8,9,10,1], [6,7,8,1], [4,5,6,1], [2,3,4,1])
 + ₁Li₁₁₂([2,3,10,1], [4,5,10,3], [6,7,8,9,10,5])
 − ₁Li₁₁₂([2,3,10,1], [4,7,10,3], [4,5,6,7][8,9,10,7])
 + ₁Li₁₁₂([2,3,10,1], [6,7,10,3], [4,5,6,3][8,9,10,7])
 − ₁Li₁₁₂([2,3,10,1], [6,9,10,3], [4,5,6,3][6,7,8,9])
 + ₁Li₁₁₂([2,3,10,1], [8,9,10,3], [4,5,6,7,8,3])
 − ₁Li₁₁₂([2,5,10,1], [2,3,4,5], [6,7,8,9,10,5])
 − ₁Li₁₁₂([2,5,10,1], [6,7,10,5], [2,3,4,5][8,9,10,7])
 + ₁Li₁₁₂([2,5,10,1], [6,9,10,5], [2,3,4,5][6,7,8,9])
 − ₁Li₁₁₂([2,5,10,1], [8,9,10,5], [2,3,4,5][6,7,8,5])
 + ₁Li₁₁₂([2,7,10,1], [2,3,4,7], [4,5,6,7][8,9,10,7])
 − ₁Li₁₁₂([2,7,10,1], [2,3,6,7], [4,5,6,3][8,9,10,7])
 + ₁Li₁₁₂([2,7,10,1], [2,5,6,7], [2,3,4,5][8,9,10,7])
 + ₁Li₁₁₂([2,9,10,1], [2,3,6,9], [4,5,6,3][6,7,8,9])
 − ₁Li₁₁₂([2,9,10,1], [2,3,8,9], [4,5,6,7,8,3])
 − ₁Li₁₁₂([2,9,10,1], [2,5,6,9], [2,3,4,5][6,7,8,9])
 + ₁Li₁₁₂([2,9,10,1], [2,5,8,9], [2,3,4,5][6,7,8,5])
 + ₁Li₁₁₂([4,5,10,1], [2,3,4,1], [6,7,8,9,10,5])
 + ₁Li₁₁₂([4,5,10,1], [6,7,10,5], [2,3,4,1][8,9,10,7])
 − ₁Li₁₁₂([4,5,10,1], [6,9,10,5], [2,3,4,1][6,7,8,9])
 + ₁Li₁₁₂([4,5,10,1], [8,9,10,5], [2,3,4,1][6,7,8,5])
 − ₁Li₁₁₂([4,7,10,1], [2,3,4,1], [4,5,6,7][8,9,10,7])
 − ₁Li₁₁₂([4,7,10,1], [4,5,6,7], [2,3,4,1][8,9,10,7])
 − ₁Li₁₁₂([4,7,10,1], [8,9,10,7], [2,3,4,1][4,5,6,7])
 + ₁Li₁₁₂([4,9,10,1], [4,5,6,9], [2,3,4,1][6,7,8,9])
 − ₁Li₁₁₂([4,9,10,1], [4,5,8,9], [2,3,4,1][6,7,8,5])
 + ₁Li₁₁₂([4,9,10,1], [4,7,8,9], [2,3,4,1][4,5,6,7])
 + ₁Li₁₁₂([6,7,10,1], [2,3,6,1], [4,5,6,3][8,9,10,7])
 − ₁Li₁₁₂([6,7,10,1], [2,5,6,1], [2,3,4,5][8,9,10,7])
 + ₁Li₁₁₂([6,7,10,1], [4,5,6,1], [2,3,4,1][8,9,10,7])
 + ₁Li₁₁₂([6,7,10,1], [8,9,10,7], [2,3,4,5,6,1])
 − ₁Li₁₁₂([6,9,10,1], [2,3,6,1], [4,5,6,3][6,7,8,9])
 + ₁Li₁₁₂([6,9,10,1], [2,5,6,1], [2,3,4,5][6,7,8,9])
 − ₁Li₁₁₂([6,9,10,1], [4,5,6,1], [2,3,4,1][6,7,8,9])
 − ₁Li₁₁₂([6,9,10,1], [6,7,8,9], [2,3,4,5,6,1])
 + ₁Li₁₁₂([8,9,10,1], [2,3,8,1], [4,5,6,7,8,3])
 − ₁Li₁₁₂([8,9,10,1], [2,5,8,1], [2,3,4,5][6,7,8,5])
 + ₁Li₁₁₂([8,9,10,1], [4,5,8,1], [2,3,4,1][6,7,8,5])
 − ₁Li₁₁₂([8,9,10,1], [4,7,8,1], [2,3,4,1][4,5,6,7])
 + ₁Li₁₁₂([8,9,10,1], [6,7,8,1], [2,3,4,5,6,1])
 + ₁Li₁₂₁([2,3,10,1], [4,5,6,7,10,3], [8,9,10,7])
 − ₁Li₁₂₁([2,3,10,1], [4,5,6,9,10,3], [6,7,8,9])
 + ₁Li₁₂₁([2,3,10,1], [4,5,8,9,10,3], [6,7,8,5])
 − ₁Li₁₂₁([2,3,10,1], [4,7,8,9,10,3], [4,5,6,7])
 + ₁Li₁₂₁([2,3,10,1], [6,7,8,9,10,3], [4,5,6,3])
 − ₁Li₁₂₁([2,5,10,1], [2,3,4,5][6,7,10,5], [8,9,10,7])
 + ₁Li₁₂₁([2,5,10,1], [2,3,4,5][6,9,10,5], [6,7,8,9])
 − ₁Li₁₂₁([2,5,10,1], [2,3,4,5][8,9,10,5], [6,7,8,5])
 − ₁Li₁₂₁([2,5,10,1], [6,7,8,9,10,5], [2,3,4,5])
 + ₁Li₁₂₁([2,7,10,1], [2,3,4,7][8,9,10,7], [4,5,6,7])
 − ₁Li₁₂₁([2,7,10,1], [2,3,6,7][8,9,10,7], [4,5,6,3])
 + ₁Li₁₂₁([2,7,10,1], [2,5,6,7][8,9,10,7], [2,3,4,5])
 + ₁Li₁₂₁([4,5,10,1], [2,3,4,1][6,7,10,5], [8,9,10,7])
 − ₁Li₁₂₁([4,5,10,1], [2,3,4,1][6,9,10,5], [6,7,8,9])
 + ₁Li₁₂₁([4,5,10,1], [2,3,4,1][8,9,10,5], [6,7,8,5])
 + ₁Li₁₂₁([4,5,10,1], [6,7,8,9,10,5], [2,3,4,1])
 − ₁Li₁₂₁([4,7,10,1], [2,3,4,1][4,5,6,7], [8,9,10,7])
 − ₁Li₁₂₁([4,7,10,1], [2,3,4,1][8,9,10,7], [4,5,6,7])
 − ₁Li₁₂₁([4,7,10,1], [4,5,6,7][8,9,10,7], [2,3,4,1])
 + ₁Li₁₂₁([4,9,10,1], [2,3,4,1][4,5,6,9], [6,7,8,9])
 − ₁Li₁₂₁([4,9,10,1], [2,3,4,1][4,5,8,9], [6,7,8,5])
 + ₁Li₁₂₁([4,9,10,1], [2,3,4,1][4,7,8,9], [4,5,6,7])
 + ₁Li₁₂₁([6,7,10,1], [2,3,4,5,6,1], [8,9,10,7])
 + ₁Li₁₂₁([6,7,10,1], [2,3,6,1][8,9,10,7], [4,5,6,3])
 − ₁Li₁₂₁([6,7,10,1], [2,5,6,1][8,9,10,7], [2,3,4,5])
 + ₁Li₁₂₁([6,7,10,1], [4,5,6,1][8,9,10,7], [2,3,4,1])
 − ₁Li₁₂₁([6,9,10,1], [2,3,4,5,6,1], [6,7,8,9])
 − ₁Li₁₂₁([6,9,10,1], [2,3,6,1][6,7,8,9], [4,5,6,3])
 + ₁Li₁₂₁([6,9,10,1], [2,5,6,1][6,7,8,9], [2,3,4,5])
 − ₁Li₁₂₁([6,9,10,1], [4,5,6,1][6,7,8,9], [2,3,4,1])
 + ₁Li₁₂₁([8,9,10,1], [2,3,4,5,8,1], [6,7,8,5])
 − ₁Li₁₂₁([8,9,10,1], [2,3,4,7,8,1], [4,5,6,7])
 + ₁Li₁₂₁([8,9,10,1], [2,3,6,7,8,1], [4,5,6,3])
 − ₁Li₁₂₁([8,9,10,1], [2,5,6,7,8,1], [2,3,4,5])
 + ₁Li₁₂₁([8,9,10,1], [4,5,6,7,8,1], [2,3,4,1])
 + ₁Li₁₃([2,3,10,1], [4,5,6,7,8,9,10,3])
 − ₁Li₁₃([2,5,10,1], [2,3,4,5][6,7,8,9,10,5])
 + ₁Li₁₃([4,5,10,1], [2,3,4,1][6,7,8,9,10,5])
 − ₁Li₁₃([4,7,10,1], [2,3,4,1][4,5,6,7][8,9,10,7])
 + ₁Li₁₃([6,7,10,1], [2,3,4,5,6,1][8,9,10,7])
 − ₁Li₁₃([6,9,10,1], [2,3,4,5,6,1][6,7,8,9])
 + ₁Li₁₃([8,9,10,1], [2,3,4,5,6,7,8,1])
 + ₁Li₂₁₁([2,3,4,5,10,1], [6,7,10,5], [8,9,10,7])
 − ₁Li₂₁₁([2,3,4,5,10,1], [6,9,10,5], [6,7,8,9])
 + ₁Li₂₁₁([2,3,4,5,10,1], [8,9,10,5], [6,7,8,5])
 − ₁Li₂₁₁([2,3,4,7,10,1], [4,5,6,7], [8,9,10,7])
 − ₁Li₂₁₁([2,3,4,7,10,1], [8,9,10,7], [4,5,6,7])
 + ₁Li₂₁₁([2,3,4,9,10,1], [4,5,6,9], [6,7,8,9])
 − ₁Li₂₁₁([2,3,4,9,10,1], [4,5,8,9], [6,7,8,5])
 + ₁Li₂₁₁([2,3,4,9,10,1], [4,7,8,9], [4,5,6,7])
 + ₁Li₂₁₁([2,3,6,7,10,1], [4,5,6,3], [8,9,10,7])
 + ₁Li₂₁₁([2,3,6,7,10,1], [8,9,10,7], [4,5,6,3])
 − ₁Li₂₁₁([2,3,6,9,10,1], [4,5,6,3], [6,7,8,9])
 − ₁Li₂₁₁([2,3,6,9,10,1], [6,7,8,9], [4,5,6,3])
 + ₁Li₂₁₁([2,3,8,9,10,1], [4,5,8,3], [6,7,8,5])
 − ₁Li₂₁₁([2,3,8,9,10,1], [4,7,8,3], [4,5,6,7])
 + ₁Li₂₁₁([2,3,8,9,10,1], [6,7,8,3], [4,5,6,3])
 − ₁Li₂₁₁([2,5,6,7,10,1], [2,3,4,5], [8,9,10,7])
 − ₁Li₂₁₁([2,5,6,7,10,1], [8,9,10,7], [2,3,4,5])
 + ₁Li₂₁₁([2,5,6,9,10,1], [2,3,4,5], [6,7,8,9])
 + ₁Li₂₁₁([2,5,6,9,10,1], [6,7,8,9], [2,3,4,5])
 − ₁Li₂₁₁([2,5,8,9,10,1], [2,3,4,5], [6,7,8,5])
 − ₁Li₂₁₁([2,5,8,9,10,1], [6,7,8,5], [2,3,4,5])
 + ₁Li₂₁₁([2,7,8,9,10,1], [2,3,4,7], [4,5,6,7])
 − ₁Li₂₁₁([2,7,8,9,10,1], [2,3,6,7], [4,5,6,3])
 + ₁Li₂₁₁([2,7,8,9,10,1], [2,5,6,7], [2,3,4,5])
 + ₁Li₂₁₁([4,5,6,7,10,1], [2,3,4,1], [8,9,10,7])
 + ₁Li₂₁₁([4,5,6,7,10,1], [8,9,10,7], [2,3,4,1])
 − ₁Li₂₁₁([4,5,6,9,10,1], [2,3,4,1], [6,7,8,9])
 − ₁Li₂₁₁([4,5,6,9,10,1], [6,7,8,9], [2,3,4,1])
 + ₁Li₂₁₁([4,5,8,9,10,1], [2,3,4,1], [6,7,8,5])
 + ₁Li₂₁₁([4,5,8,9,10,1], [6,7,8,5], [2,3,4,1])
 − ₁Li₂₁₁([4,7,8,9,10,1], [2,3,4,1], [4,5,6,7])
 − ₁Li₂₁₁([4,7,8,9,10,1], [4,5,6,7], [2,3,4,1])
 + ₁Li₂₁₁([6,7,8,9,10,1], [2,3,6,1], [4,5,6,3])
 − ₁Li₂₁₁([6,7,8,9,10,1], [2,5,6,1], [2,3,4,5])
 + ₁Li₂₁₁([6,7,8,9,10,1], [4,5,6,1], [2,3,4,1])
 + ₁Li₂₂([2,3,4,5,10,1], [6,7,8,9,10,5])
 − ₁Li₂₂([2,3,4,7,10,1], [4,5,6,7][8,9,10,7])
 + ₁Li₂₂([2,3,6,7,10,1], [4,5,6,3][8,9,10,7])
 − ₁Li₂₂([2,3,6,9,10,1], [4,5,6,3][6,7,8,9])
 + ₁Li₂₂([2,3,8,9,10,1], [4,5,6,7,8,3])
 − ₁Li₂₂([2,5,6,7,10,1], [2,3,4,5][8,9,10,7])
 + ₁Li₂₂([2,5,6,9,10,1], [2,3,4,5][6,7,8,9])
 − ₁Li₂₂([2,5,8,9,10,1], [2,3,4,5][6,7,8,5])
 + ₁Li₂₂([4,5,6,7,10,1], [2,3,4,1][8,9,10,7])
 − ₁Li₂₂([4,5,6,9,10,1], [2,3,4,1][6,7,8,9])
 + ₁Li₂₂([4,5,8,9,10,1], [2,3,4,1][6,7,8,5])
 − ₁Li₂₂([4,7,8,9,10,1], [2,3,4,1][4,5,6,7])
 + ₁Li₂₂([6,7,8,9,10,1], [2,3,4,5,6,1])
 + ₁Li₃₁([2,3,4,5,6,7,10,1], [8,9,10,7])
 − ₁Li₃₁([2,3,4,5,6,9,10,1], [6,7,8,9])
 + ₁Li₃₁([2,3,4,5,8,9,10,1], [6,7,8,5])
 − ₁Li₃₁([2,3,4,7,8,9,10,1], [4,5,6,7])
 + ₁Li₃₁([2,3,6,7,8,9,10,1], [4,5,6,3])
 − ₁Li₃₁([2,5,6,7,8,9,10,1], [2,3,4,5])
 + ₁Li₃₁([4,5,6,7,8,9,10,1], [2,3,4,1])
 + ₁Li₄([2,3,4,5,6,7,8,9,10,1])
~~~
 + ₁LiQuad⁻(1,2,3,4,5,6,7,8,9,10)
