(from {1,3}{2,5})
 - [1,2,3,4][1,2,4,5][1,2,5,6,7]
 + [1,2,6,7][1,2,3,6][2,3,4,5,6]
 - [1,2,6,7][1,2,5,6][1,2,3,4,5]
 + [1,2,3,4][1,2,4,5,6][1,2,6,7]
 + [1,2,6,7][1,2,3,5,6][2,3,4,5]
 - [1,2,5,6,7][1,2,3,5][2,3,4,5]
(+)
(from {1,3}{2,4})
 + [1,2,3,4][1,2,4,5][1,2,5,6,7]
 - [1,2,3,4][1,2,4,5,6][1,2,6,7]
 + [1,2,3,4,5][1,2,5,6][1,2,6,7]
(=)
 + [1,2,6,7][1,2,3,6][2,3,4,5,6]
 + [1,2,6,7][1,2,3,5,6][2,3,4,5]
 - [1,2,5,6,7][1,2,3,5][2,3,4,5]
(note: this is equivalent to expression from {1,3,5})



1 <> 5
4 <> 7
3 <> 6
looked promising, but can't figure out what to do with it

1 <> 3
4 <> 7
5 <> 6
is a symmetry:
 + [1,2,6,7][1,2,3,6][2,3,4,5,6]
 + [1,2,6,7][1,2,3,5,6][2,3,4,5]
 - [1,2,5,6,7][1,2,3,5][2,3,4,5]
(=>)
 + [3,2,5,4][3,2,1,5][2,1,7,6,5]
 + [3,2,5,4][3,2,1,6,5][2,1,7,6]
 - [3,2,6,5,4][3,2,1,6][2,1,7,6]
(=)
 + [2,3,4,5][1,2,3,5][1,2,5,6,7]
 - [2,3,4,5][1,2,3,5,6][1,2,6,7]
 - [2,3,4,5,6][1,2,3,6][1,2,6,7]
